87284011
65266011
65846011
23965011
39490011
19001011
298768011
81610011
44855011
56741011
64515011
44847011
307721011
26693011
19195011
44876011
68739011
18853011
56647011
33979011
19149011
36993011
72763011
28894011
54427011
73323011
48716011
18972011
18864011
316558011
22382011
292364011
273049011
53687011
218151011
47577011
314969011
19088011
64511011
39739011
56921011
69500011
19011011
40427011
47304011
87272011
54213011
23787011
25139011
32003011
39997011
56603011
60783011
66629011
20008011
18832011
54450011
34075011
20007011
14461011
298670011
36456011
61922011
39495011
307785011
12074011
253859011
79466011
293717011
27493011
19015011
19092011
68919011
27707011
18986011
94196011
316900011
324508011
293685011
53271011
59106011
232692011
47306011
44857011
12401011
18863011
96798011
15150011
12371011
